Training dataset: 

   sepal length sepal width  petal length petal width             iris
0           4.4      >= 3,2           1.3       < 0,8      Iris-setosa
1           7.0      >= 3,2           4.7   0,8 - 1,6  Iris-versicolor
2           5.7       < 2.8           3.5   0,8 - 1,6  Iris-versicolor
3           5.8       < 2.8           4.0   0,8 - 1,6  Iris-versicolor
4           6.0       < 2.8           5.0   0,8 - 1,6   Iris-virginica
5           4.7      >= 3,2           1.3       < 0,8      Iris-setosa
6           7.2      >= 3,2           6.0      >= 1,6   Iris-virginica
7           5.5       < 2.8           4.4   0,8 - 1,6  Iris-versicolor
8           5.0      >= 3,2           1.6       < 0,8      Iris-setosa
9           6.3       < 2.8           4.9      >= 1,6   Iris-virginica

Test dataset: 

    sepal length sepal width  petal length petal width             iris
10           6.2      >= 3,2           5.4      >= 1,6   Iris-virginica
11           5.0      >= 3,2           1.5       < 0,8      Iris-setosa
12           4.9   2.8 - 3,2           1.5       < 0,8      Iris-setosa
13           5.6   2.8 - 3,2           4.5   0,8 - 1,6  Iris-versicolor
14           6.3      >= 3,2           6.0      >= 1,6   Iris-virginica

attribute num: 

sepal length

verosim: 

                 mean       std
iris                           
Iris-setosa       4.7  0.300000
Iris-versicolor   6.0  0.678233
Iris-virginica    6.5  0.624500

attribute cat: 

sepal width

freq: 

sepal width      < 2.8  >= 3,2
iris                          
Iris-setosa          1       4
Iris-versicolor      4       2
Iris-virginica       3       2

verosim: 

sepal width         < 2.8    >= 3,2
iris                               
Iris-setosa      0.200000  0.800000
Iris-versicolor  0.666667  0.333333
Iris-virginica   0.600000  0.400000

attribute num: 

petal length

verosim: 

                 mean       std
iris                           
Iris-setosa      1.40  0.173205
Iris-versicolor  4.15  0.519615
Iris-virginica   5.30  0.608276

attribute cat: 

petal width

freq: 

petal width      0,8 - 1,6  < 0,8  >= 1,6
iris                                     
Iris-setosa              1      4       1
Iris-versicolor          5      1       1
Iris-virginica           2      1       3

verosim: 

petal width      0,8 - 1,6     < 0,8    >= 1,6
iris                                          
Iris-setosa       0.166667  0.666667  0.166667
Iris-versicolor   0.714286  0.142857  0.142857
Iris-virginica    0.333333  0.166667  0.500000

class: 

iris

freq: 

iris
Iris-versicolor    0.4
Iris-setosa        0.3
Iris-virginica     0.3
Name: count, dtype: float64

Calculo de probabilidad por clase: 

    Iris-virginica    Iris-setosa  Iris-versicolor
10    2.209828e-02  7.041341e-123     4.561194e-04
11    1.569760e-12   2.516104e-01     6.526824e-09
12    2.637357e-12   4.152178e-01     1.558442e-08
13    6.245724e-03   4.691196e-73     8.642538e-02
14    1.231667e-02  5.628314e-161     1.379026e-05

Calculo de probabilidad por clase normalizado: 

    Iris-virginica  Iris-setosa  Iris-versicolor
10           97.98          0.0             2.02
11            0.00        100.0             0.00
12            0.00        100.0             0.00
13            6.74          0.0            93.26
14           99.89          0.0             0.11

Evaluacion final: 

               real        predicted  correct
10   Iris-virginica   Iris-virginica     True
11      Iris-setosa      Iris-setosa     True
12      Iris-setosa      Iris-setosa     True
13  Iris-versicolor  Iris-versicolor     True
14   Iris-virginica   Iris-virginica     True

success: 

100.0

failure: 

0.0

